mnu.

31311111111311.1211 130313099 1320 1322 1327.

,, Philocteta 3111. 282.

, Phoenice 111411. rhem. 413. 3111111497.

,‚ Phrixo 3111. 4223.

„ incertis 1111111111 101. 119. 31. 973. Nub. 30 0929 71111. 323111. 1297.
lys. 309 707 1119 Pham. 13 sqq. 403 111. 413 (1
Phoenicem 414 3329 Rau. 1033401319 1331111.
1344 1427111. 1433 1443. 311111, 74 324 3909

Aliorum tragicorum.

11111111, Vesp. 1031. Pac. 330. Rau. 18441101οηί1, 191111. 101 111. Fraqn.
494. louis, Rau. 700 1423. Philoclis, Ao. 231. 3111111131, 7111220149091324.

Inoertorum.

Ach. 33 433 1072 (31119) 1073 (31119) 31. 9 30 1223 1244 1243 1290,
Nub. 133 1134 1130 1107 12041403. 3111. 303 730. Pac. 1013141321
343 329 1147 1229 1241. lys. 2339 707 (31119) 742 (3111. 9) 333. Theca.
70 92 140 332 (31119) Itan. 004, 3111. 1 sqq. 110 2309 3239 11319 peut.
39 1149 4779 739 1127 1131. Fraqm. 33 243 201 323 333333 337.

1100031011031103 310003οΜ, 3131003οΜ, ’1330100303
IMITATUS EST:

Aah. 47 111. (11111.) 73 390 (31111410 sqq. (3111.) 4434930111.) 73] 333
111. 903 1174 sqq. 31. 147 107 sqq. (Ep.) 210 (Ep.) 221 249 (3111.) 407
(11.) 111 111 1111 sqq. 1111 1111111. 1111 111111111111111111111
1333 sqq. 171341 100 333 (1111.) 713 7449 7111. 333 7299 997 1397 1432
sqq. 1313 1330 1331. Pac. 33 (311.)32-101 133 230 (31.) 330111. (Ep.)
331 (Lyr.) 991 (3111119) 1210111. An. 370 907111.1443.311.127(31.)
1237. Pham. 39 sqq. 193 111. 433 (3111.) 374111. Rau. 04111. (3111.) 97
739 (Eur.) 314 344 392 (3111.) 903 (31111.) 933 (Eur.) 12041331(311.)
311111. 309. Plut. 202 001. 311111. 420 434 331 300 377 (Eur.) fr. 11. 103.

 

